Loki/waypoint_node:
  ros__parameters:
    destinationx: -77.03062414516121
    destinationy: 42.87826051626698
    destinationh: -90.0

    